originalDim = [480 704];
croppedDim = [435 704];
cropBox = [1 28 704 435];

aROI = struct(...
    'Box', [245 145 459 290], ...
    'x', [190 238 560 704 704], ...
    'y', [435 129 129 174 435]...
    );

gROI = struct(...
    'Box', [185 95 519 340], ...
    'x', [274 185 467 704 704], ...
    'y', [435 95 95 135 435] ...
    );

nROI = struct(...
    'Box', [185 125 519 310], ...
    'x', [579 166 166 441 704 704], ...
    'y', [435 200 108 84 110 435] ...
    );